4294967294,0
4294967293,131
4294967293,130
4294967293,129
4294967293,128
4294967293,127
4294967293,126
4294967293,125
4294967293,124
4294967293,123
4294967293,122
4294967293,121
4294967293,120
4294967293,119
4294967293,118
4294967293,117
4294967293,116
4294967293,115
4294967293,114
4294967293,113
4294967293,112
4294967293,111
4294967293,110
4294967293,109
4294967293,108
4294967293,107
4294967293,106
4294967293,105
4294967293,104
4294967293,103
4294967293,102
4294967293,101
4294967293,100
4294967293,99
4294967293,98
4294967293,97
4294967293,96
4294967293,95
4294967293,94
4294967293,93
4294967293,92
4294967293,91
4294967293,90
4294967293,89
4294967293,87
4294967293,86
4294967293,85
4294967293,84
4294967293,83
4294967293,82
4294967293,81
4294967293,80
4294967293,79
4294967293,78
4294967293,77
4294967293,76
4294967293,75
4294967293,74
4294967293,73
4294967293,72
4294967293,71
4294967293,70
4294967293,69
4294967293,68
4294967293,67
4294967293,66
4294967293,65
4294967293,64
4294967293,63
4294967293,62
4294967293,61
4294967293,60
4294967293,59
4294967293,58
4294967293,57
4294967293,56
4294967293,55
4294967293,54
4294967293,53
4294967293,52
4294967293,51
4294967293,50
4294967293,49
4294967293,48
4294967293,47
4294967293,46
4294967293,45
4294967293,44
4294967293,43
4294967293,42
4294967293,41
4294967293,40
4294967293,39
4294967293,38
4294967293,37
4294967293,36
4294967293,35
4294967293,34
4294967293,33
4294967293,32
4294967293,31
4294967293,30
4294967293,29
4294967293,28
4294967293,27
4294967293,26
4294967293,25
4294967293,24
4294967293,23
4294967293,22
4294967293,21
4294967293,20
4294967293,19
4294967293,18
4294967293,17
4294967293,16
4294967293,15
4294967293,14
4294967293,13
4294967293,12
4294967293,11
4294967293,10
4294967293,9
4294967293,8
4294967293,7
4294967293,6
4294967293,5
4294967293,4
4294967293,3
4294967279,130
425,4
403,2
262,6
262,0
262,1
262,5
4294967279,361
4294967279,304
4294967278,319
4294967278,317
431,6
431,4
273,4
443,5
443,4
229,4
449,4
439,5
439,4
140,4
218,6
288,7
4294967294,1454
4294967278,195
244,2
135,4
4294967294,481
403,6
403,4
266,2
372,6
372,4
387,2
4294967279,134
4294967278,515
278,2
4294967279,423
262,2
244,4
266,6
266,4
445,2
278,5
278,7
278,4
387,6
387,4
262,4
447,5
447,4
4294967279,125
4294967279,123
4294967279,122
4294967279,120
4294967279,119
4294967279,114
4294967279,111
4294967279,110
4294967279,107
4294967279,102
4294967279,101
4294967279,100
4294967279,97
4294967279,93
4294967279,91
4294967279,90
4294967279,89
4294967279,87
4294967279,86
4294967279,83
4294967279,81
156,6
156,4
169,4
445,5
445,4
430,2
4294967279,360
430,6
430,5
430,4
4294967279,358
4294967278,556
441,5
441,4
4294967278,171
76,2
4294967294,1432
4294967294,399
4294967294,1420
4294967294,922
4294967294,467
4294967294,402
4294967278,326
537,4
537,3
537,2
537,1
4294967279,372
4294967278,376
4294967279,354
4294967279,2
4294967279,88
4294967279,315
4294967278,153
4294967279,311
4294967278,148
4294967278,324
4294967278,143
4294967278,537
400,0
400,1
400,6
400,2
169,3
169,0
169,1
169,5
169,2
4294967278,138
4294967294,12
4294967294,166
4294967294,24
4294967294,104
4294967294,106
4294967294,502
4294967278,135
4294967278,275
4294967279,422
4294967279,307
504,0
504,8
4294967278,285
4294967279,264
4294967278,88
504,7
526,0
526,6
4294967279,266
4294967278,320
4294967294,401
4294967294,920
4294967294,906
4294967294,911
535,5
535,4
535,3
535,2
535,1
402,6
402,2
402,4
4294967278,527
4294967278,227
4294967278,371
534,6
534,5
4294967279,248
534,4
534,3
534,2
534,1
4294967279,246
4294967279,243
4294967279,236
4294967279,230
4294967279,228
4294967279,294
4294967278,218
4294967294,1421
4294967279,416
447,3
445,3
4294967294,953
4294967279,216
4294967294,486
4294967294,500
4294967278,212
4294967294,1453
504,6
4294967278,574
4294967278,368
4294967279,129
4294967279,128
4294967279,127
4294967279,126
4294967279,436
4294967279,124
4294967279,121
4294967279,118
4294967279,117
4294967279,116
4294967279,115
4294967279,310
4294967279,113
4294967279,112
4294967279,109
4294967279,108
4294967279,106
4294967279,105
4294967279,104
4294967279,103
4294967279,99
4294967279,98
4294967279,96
4294967279,95
4294967279,206
4294967279,94
4294967279,204
4294967279,92
4294967278,559
4294967278,316
4294967278,201
4294967294,1415
4294967294,909
4294967279,85
4294967279,329
4294967279,84
4294967279,424
4294967278,315
4294967279,82
4294967278,194
4294967279,290
4294967279,191
4294967278,514
4294967279,351
4294967278,513
4294967294,499
4294967278,558
4294967278,557
4294967279,391
443,3
441,3
439,3
4294967279,384
4294967294,1436
4294967294,484
4294967294,422
4294967294,952
4294967294,385
4294967294,916
4294967294,406
4294967294,403
4294967294,111
4294967294,463
110,3
4294967279,173
4294967279,172
110,0
110,1
110,5
110,2
431,3
401,3
4294967278,548
4294967278,365
530,5
530,4
530,3
530,2
530,1
4294967279,398
399,4
4294967294,498
4294967278,357
4294967279,159
475,0
475,6
4294967278,356
4294967278,314
337,3
4294967279,404
4294967294,1450
4294967278,150
4294967279,150
4294967279,145
529,6
529,5
4294967278,146
529,4
529,3
529,2
529,1
4294967279,403
4294967278,313
4294967279,408
4294967278,312
4294967279,141
4294967278,140
4294967279,140
4294967279,139
4294967294,1449
4294967279,137
4294967278,310
4294967278,136
528,9
528,8
528,7
528,6
528,5
528,4
4294967278,133
528,3
528,2
528,1
4294967279,431
4294967278,532
4294967279,442
4294967279,270
4294967278,311
4294967279,268
4294967294,1448
4294967279,265
4294967278,264
4294967279,283
4294967279,277
4294967279,306
4294967278,521
4294967279,380
4294967294,1447
4294967278,530
4294967279,255
4294967278,531
4294967279,338
4294967278,528
4294967279,336
526,5
4294967278,561
526,4
526,3
526,2
526,1
4294967279,287
4294967279,379
146,3
247,3
294,3
4294967279,261
400,3
188,3
4294967278,566
4294967278,254
4294967294,1446
4294967278,309
4294967279,250
4294967279,249
394,4
525,7
4294967278,244
525,6
525,5
525,4
525,3
525,2
525,1
4294967279,377
4294967278,308
4294967278,560
4294967279,234
4294967294,387
4294967279,232
4294967278,226
4294967278,220
4294967279,226
524,6
4294967278,224
524,5
4294967279,224
524,4
4294967278,222
524,3
524,2
524,1
4294967279,430
4294967278,303
4294967278,360
4294967279,414
345,3
341,3
333,3
349,3
4294967294,497
4294967279,212
426,4
4294967279,211
4294967279,210
523,6
523,5
523,4
523,3
523,2
523,1
4294967278,302
4294967278,549
430,3
4294967294,409
4294967294,1417
4294967294,420
4294967294,415
4294967294,404
4294967279,350
4294967279,385
4294967278,198
522,7
522,6
522,5
522,4
522,3
522,2
522,1
4294967278,341
4294967279,192
4294967279,297
4294967279,190
4294967278,183
521,7
4294967279,187
521,6
